LEGACY LIFE-021 135580
LEGACY LIFE-022 121552
LEGACY LIFE-016 146668
node:internal/modules/run_main:107
    triggerUncaughtException(
    ^

AssertionError [ERR_ASSERTION]: Canonical mismatch LIFE-017
+ actual - expected
... Skipped lines

  {
    '-1,3,-1': [
      4095,
      4
    ],
...
      229,
+     42,
-     3,
      230,
      3,
      231,
      3,
      232,
...
      245,
+     42,
-     4,
      246,
      3,
      247,
      3,
      248,
...
      485,
+     42,
-     3,
      486,
      3,
      487,
      3,
      488,
...
      501,
+     42,
-     4,
      502,
      3,
      503,
      3,
      504,
...
      741,
+     42,
-     3,
      742,
      3,
      743,
      3,
      744,
...
      757,
+     42,
-     4,
      758,
      3,
      759,
      3,
      760,
...
      997,
+     42,
-     3,
      998,
      3,
      999,
      3,
      1000,
...
      1013,
+     42,
-     4,
      1014,
      3,
      1015,
      3,
      1016,
...
      5,
+     42,
-     4,
      6,
      3,
      7,
      3,
      8,
...
      261,
+     42,
-     4,
      262,
      3,
      263,
      3,
      264,
...
      517,
+     42,
-     4,
      518,
      3,
      519,
      3,
      520,
...
      773,
+     42,
-     4,
      774,
      3,
      775,
      3,
      776,

    at <anonymous> (/workspace/voxel-studio-yunshan/scripts/export-legacy-assembly-dependencies.ts:6:991) {
  generatedMessage: false,
  code: 'ERR_ASSERTION',
  actual: {
    '0,0,0': [
      144, 3, 145, 3, 146, 3, 147, 3, 148, 3, 149, 3,
      160, 3, 161, 3, 162, 3, 163, 3, 164, 3, 165, 3,
      166, 3, 167, 3, 168, 3, 169, 3, 170, 3, 171, 3,
      172, 3, 173, 3, 174, 3, 175, 3, 176, 3, 177, 3,
      178, 3, 179, 3, 180, 3, 181, 3, 182, 3, 183, 3,
      184, 3, 185, 3, 186, 3, 187, 3, 188, 3, 189, 3,
      190, 3, 191, 3, 192, 3, 193, 3, 194, 3, 195, 3,
      196, 3, 197, 3, 198, 3, 199, 3, 200, 3, 201, 3,
      202, 3, 203, 3,
      ... 4478 more items
    ],
    '0,0,2': [
      132, 1, 133, 1, 134, 1, 135, 1, 136, 1, 137, 1,
      138, 1, 139, 1, 140, 1, 141, 1, 142, 1, 143, 1,
      148, 1, 149, 1, 150, 1, 151, 1, 152, 1, 153, 1,
      154, 1, 155, 1, 156, 1, 157, 1, 158, 1, 159, 1,
      160, 3, 161, 3, 162, 3, 163, 3, 164, 1, 165, 1,
      166, 1, 167, 1, 168, 1, 169, 1, 170, 1, 171, 1,
      172, 1, 173, 1, 174, 1, 175, 1, 176, 3, 177, 3,
      178, 3, 179, 3, 180, 3, 181, 3, 182, 3, 183, 3,
      184, 3, 185, 3,
      ... 4040 more items
    ],
    '1,0,0': [
      160, 3, 161, 3, 162, 3, 163, 3, 164, 3, 165, 3,
      166, 3, 167, 3, 168, 3, 169, 3, 170, 3, 171, 3,
      172, 3, 173, 3, 174, 3, 175, 3, 176, 3, 177, 3,
      178, 3, 179, 3, 180, 3, 181, 3, 182, 3, 183, 3,
      184, 3, 185, 3, 186, 3, 187, 3, 188, 3, 189, 3,
      190, 3, 191, 3, 192, 3, 193, 3, 194, 3, 195, 3,
      196, 3, 197, 3, 198, 3, 199, 3, 200, 3, 201, 3,
      202, 3, 203, 3, 204, 3, 205, 3, 206, 3, 207, 3,
      208, 3, 209, 3,
      ... 3612 more items
    ],
    '2,0,0': [
      147, 3, 148, 3, 149, 3, 150, 3, 151, 3, 160, 3,
      161, 3, 162, 3, 163, 3, 164, 3, 165, 3, 166, 3,
      167, 3, 176, 3, 177, 3, 178, 3, 179, 3, 180, 3,
      181, 3, 182, 3, 183, 3, 192, 3, 193, 3, 194, 3,
      195, 3, 196, 3, 197, 3, 198, 3, 199, 3, 208, 3,
      209, 3, 210, 3, 211, 3, 212, 3, 213, 3, 214, 3,
      215, 3, 224, 3, 225, 3, 226, 3, 227, 3, 228, 3,
      229, 3, 230, 3, 231, 3, 240, 3, 241, 3, 242, 3,
      243, 3, 244, 3,
      ... 2376 more items
    ],
    '1,0,2': [
      128, 1, 129, 1, 130, 1, 131, 1, 132, 1, 133, 1,
      134, 1, 135, 1, 136, 1, 137, 1, 138, 1, 139, 1,
      140, 1, 141, 1, 142, 1, 143, 1, 144, 1, 145, 1,
      146, 1, 147, 1, 148, 1, 149, 1, 150, 1, 151, 1,
      152, 1, 153, 1, 154, 1, 155, 1, 156, 1, 157, 1,
      158, 1, 159, 1, 160, 1, 161, 1, 162, 1, 163, 1,
      164, 1, 165, 1, 166, 1, 167, 1, 168, 1, 169, 1,
      170, 1, 171, 1, 172, 1, 173, 1, 174, 1, 175, 1,
      176, 3, 177, 3,
      ... 3164 more items
    ],
    '2,0,2': [
      128, 1, 129, 1, 130, 1, 131, 1, 132, 1, 144, 1,
      145, 1, 146, 1, 147, 1, 148, 1, 160, 1, 161, 1,
      162, 1, 163, 1, 164, 1, 165, 3, 166, 3, 167, 3,
      176, 3, 177, 3, 178, 3, 179, 3, 180, 3, 181, 3,
      182, 3, 183, 3, 192, 3, 193, 3, 194, 3, 195, 3,
      196, 3, 197, 3, 198, 3, 199, 3, 208, 3, 209, 3,
      210, 3, 211, 3, 212, 3, 213, 3, 214, 3, 215, 3,
      228, 3, 229, 3, 230, 3, 231, 3, 244, 3, 245, 3,
      246, 3, 247, 3,
      ... 2154 more items
    ],
    '0,0,1': [
      132, 1, 133, 1, 134, 1, 135, 1, 136, 1, 137, 1,
      138, 1, 139, 1, 140, 1, 141, 1, 142, 1, 143, 1,
      148, 1, 149, 1, 150, 1, 151, 1, 152, 1, 153, 1,
      154, 1, 155, 1, 156, 1, 157, 1, 158, 1, 159, 1,
      160, 3, 161, 3, 162, 3, 163, 3, 164, 1, 165, 1,
      166, 1, 167, 1, 168, 1, 169, 1, 170, 1, 171, 1,
      172, 1, 173, 1, 174, 1, 175, 1, 176, 3, 177, 3,
      178, 3, 179, 3, 180, 3, 181, 3, 182, 3, 183, 3,
      184, 3, 185, 3,
      ... 2972 more items
    ],
    '0,1,0': [
       0, 3,  1, 3,  2, 41,  3, 3,  4, 3,  5, 3,
       6, 3,  7, 3,  8,  3,  9, 3, 10, 3, 11, 3,
      12, 3, 13, 3, 14,  3, 15, 3, 16, 3, 17, 3,
      18, 3, 19, 3, 20,  3, 21, 3, 22, 3, 23, 3,
      24, 3, 25, 3, 26,  3, 27, 3, 28, 3, 29, 3,
      30, 3, 31, 3, 32,  3, 33, 3, 34, 3, 35, 3,
      36, 3, 37, 3, 38,  3, 39, 3, 40, 3, 41, 3,
      42, 3, 43, 3, 44,  3, 45, 3, 46, 3, 47, 3,
      48, 3, 49, 3,
      ... 3812 more items
    ],
    '0,1,1': [
        0, 3,   1, 3,   2, 3,   3, 3,  16, 3,  17, 3,
       18, 3,  19, 3,  32, 3,  33, 3,  34, 3,  35, 3,
       48, 3,  49, 3,  50, 3,  51, 3,  64, 3,  65, 3,
       66, 3,  67, 3,  80, 3,  81, 3,  82, 3,  83, 3,
       96, 3,  97, 3,  98, 3,  99, 3, 112, 3, 113, 3,
      114, 3, 115, 3, 128, 3, 129, 3, 130, 3, 131, 3,
      144, 3, 145, 3, 146, 3, 147, 3, 160, 3, 161, 3,
      162, 3, 163, 3, 176, 3, 177, 3, 178, 3, 179, 3,
      192, 3, 193, 3,
      ... 2332 more items
    ],
    '0,1,2': [
        0, 3,   1, 3,   2, 3,   3, 3,  16, 3,  17, 3,
       18, 3,  19, 3,  32, 3,  33, 3,  34, 3,  35, 3,
       48, 3,  49, 3,  50, 3,  51, 3,  64, 3,  65, 3,
       66, 3,  67, 3,  80, 3,  81, 3,  82, 3,  83, 3,
       96, 3,  97, 3,  98, 3,  99, 3, 112, 3, 113, 3,
      114, 3, 115, 3, 128, 3, 129, 3, 130, 3, 131, 3,
      144, 3, 145, 3, 146, 3, 147, 3, 160, 3, 161, 3,
      162, 3, 163, 3, 176, 3, 177, 3, 178, 3, 179, 3,
      192, 3, 193, 3,
      ... 3228 more items
    ],
    '0,2,0': [
       0, 3,  1, 3,  2, 3,  3, 3,  4, 3,  5, 3,
       6, 3,  7, 3,  8, 3,  9, 3, 10, 3, 11, 3,
      12, 3, 13, 3, 14, 3, 15, 3, 16, 3, 17, 3,
      18, 3, 19, 3, 20, 3, 21, 3, 22, 3, 23, 3,
      24, 3, 25, 3, 26, 3, 27, 3, 28, 3, 29, 3,
      30, 3, 31, 3, 32, 3, 33, 3, 34, 3, 35, 3,
      36, 3, 37, 3, 38, 3, 39, 3, 40, 3, 41, 3,
      42, 3, 43, 3, 44, 3, 45, 3, 46, 3, 47, 3,
      48, 3, 49, 3,
      ... 4092 more items
    ],
    '0,2,1': [
       0, 3,  1, 3,  2, 3,  3, 3,  4, 3,  5, 3,
       6, 3,  7, 3,  8, 3,  9, 3, 10, 3, 11, 3,
      12, 3, 13, 3, 14, 3, 15, 3, 16, 3, 17, 3,
      18, 3, 19, 3, 20, 3, 21, 3, 22, 3, 23, 3,
      24, 3, 25, 3, 26, 3, 27, 3, 28, 3, 29, 3,
      30, 3, 31, 3, 32, 3, 33, 3, 34, 3, 35, 3,
      48, 3, 49, 3, 50, 3, 51, 3, 64, 3, 65, 3,
      66, 3, 67, 3, 80, 3, 81, 3, 82, 3, 83, 3,
      96, 3, 97, 3,
      ... 2716 more items
    ],
    '0,2,2': [
       0, 3,  1, 3,  2, 3,  3, 3,  4, 3,  5, 3,
       6, 3,  7, 3,  8, 3,  9, 3, 10, 3, 11, 3,
      12, 3, 13, 3, 14, 3, 15, 3, 16, 3, 17, 3,
      18, 3, 19, 3, 20, 3, 21, 3, 22, 3, 23, 3,
      24, 3, 25, 3, 26, 3, 27, 3, 28, 3, 29, 3,
      30, 3, 31, 3, 32, 3, 33, 3, 34, 3, 35, 3,
      48, 3, 49, 3, 50, 3, 51, 3, 64, 3, 65, 3,
      66, 3, 67, 3, 80, 3, 81, 3, 82, 3, 83, 3,
      96, 3, 97, 3,
      ... 3484 more items
    ],
    '0,3,0': [
       0, 3,  1, 3,  2, 3,  3, 3,  4, 3,  5, 3,
       6, 3,  7, 3,  8, 3,  9, 3, 10, 3, 11, 3,
      12, 3, 13, 3, 14, 3, 15, 3, 16, 3, 17, 3,
      18, 3, 19, 3, 20, 3, 21, 3, 22, 3, 23, 3,
      24, 3, 25, 3, 26, 3, 27, 3, 28, 3, 29, 3,
      30, 3, 31, 3, 32, 3, 33, 3, 34, 3, 35, 3,
      36, 3, 37, 3, 38, 3, 39, 3, 40, 3, 41, 3,
      42, 3, 43, 3, 44, 3, 45, 3, 46, 3, 47, 3,
      48, 3, 49, 3,
      ... 4182 more items
    ],
    '0,3,1': [
       0, 3,  1, 3,  2, 3,  3, 3, 16, 3, 17, 3,
      18, 3, 19, 3, 20, 3, 21, 3, 22, 3, 23, 3,
      24, 3, 25, 3, 26, 3, 27, 3, 28, 3, 29, 3,
      30, 3, 31, 3, 32, 3, 33, 3, 34, 3, 35, 3,
      36, 3, 37, 3, 38, 3, 39, 3, 40, 3, 41, 3,
      42, 3, 43, 3, 44, 3, 45, 3, 46, 3, 47, 3,
      48, 3, 49, 3, 50, 3, 51, 3, 64, 3, 65, 3,
      66, 3, 67, 3, 80, 3, 81, 3, 82, 3, 83, 3,
      96, 3, 97, 3,
      ... 2716 more items
    ],
    '0,3,2': [
       0, 3,  1, 3,  2, 3,  3, 3, 16, 3, 17, 3,
      18, 3, 19, 3, 20, 3, 21, 3, 22, 3, 23, 3,
      24, 3, 25, 3, 26, 3, 27, 3, 28, 3, 29, 3,
      30, 3, 31, 3, 32, 3, 33, 3, 34, 3, 35, 3,
      36, 3, 37, 3, 38, 3, 39, 3, 40, 3, 41, 3,
      42, 3, 43, 3, 44, 3, 45, 3, 46, 3, 47, 3,
      48, 3, 49, 3, 50, 3, 51, 3, 64, 3, 65, 3,
      66, 3, 67, 3, 80, 3, 81, 3, 82, 3, 83, 3,
      96, 3, 97, 3,
      ... 3528 more items
    ],
    '0,4,0': [
       0, 4,  1, 4,  2, 4,  3, 4,  4, 4,  5, 42,
       6, 3,  7, 3,  8, 3,  9, 3, 10, 3, 11,  3,
      12, 3, 13, 3, 14, 3, 15, 3, 16, 4, 17,  4,
      18, 4, 19, 4, 20, 4, 21, 4, 22, 3, 23,  3,
      24, 3, 25, 3, 26, 3, 27, 3, 28, 3, 29,  3,
      30, 3, 31, 3, 32, 4, 33, 4, 34, 4, 35,  4,
      36, 4, 37, 4, 38, 4, 39, 3, 40, 3, 41,  3,
      42, 3, 43, 3, 44, 3, 45, 3, 46, 3, 47,  3,
      48, 4, 49, 4,
      ... 2432 more items
    ],
    '0,4,1': [
       0, 3,  1, 3,  2, 3,  3, 3, 16, 3, 17, 3,
      18, 3, 19, 3, 32, 3, 33, 3, 34, 3, 35, 3,
      36, 3, 37, 3, 38, 3, 39, 3, 40, 3, 41, 3,
      42, 3, 43, 3, 44, 3, 45, 3, 46, 3, 47, 3,
      48, 3, 49, 3, 50, 3, 51, 3, 52, 3, 53, 3,
      54, 3, 55, 3, 56, 3, 57, 3, 58, 3, 59, 3,
      60, 3, 61, 3, 62, 3, 63, 3, 64, 3, 65, 3,
      66, 3, 67, 3, 68, 3, 69, 3, 70, 3, 71, 3,
      72, 3, 73, 3,
      ... 2204 more items
    ],
    '0,4,2': [
       0, 3,  1, 3,  2, 3,  3, 3, 16, 3, 17, 3,
      18, 3, 19, 3, 32, 3, 33, 3, 34, 3, 35, 3,
      36, 3, 37, 3, 38, 3, 39, 3, 40, 3, 41, 3,
      42, 3, 43, 3, 44, 3, 45, 3, 46, 3, 47, 3,
      48, 3, 49, 3, 50, 3, 51, 3, 52, 3, 53, 3,
      54, 3, 55, 3, 56, 3, 57, 3, 58, 3, 59, 3,
      60, 3, 61, 3, 62, 3, 63, 3, 64, 3, 65, 3,
      66, 3, 67, 3, 68, 3, 69, 3, 70, 3, 71, 3,
      72, 3, 73, 3,
      ... 2220 more items
    ],
    '2,0,1': [
      128, 1, 129, 1, 130, 1, 131, 1, 132, 1, 144, 1,
      145, 1, 146, 1, 147, 1, 148, 1, 160, 1, 161, 1,
      162, 1, 163, 1, 164, 1, 165, 3, 166, 3, 167, 3,
      176, 3, 177, 3, 178, 3, 179, 3, 180, 3, 181, 3,
      182, 3, 183, 3, 192, 3, 193, 3, 194, 3, 195, 3,
      196, 3, 197, 3, 198, 3, 199, 3, 208, 3, 209, 3,
      210, 3, 211, 3, 212, 3, 213, 3, 214, 3, 215, 3,
      228, 3, 229, 3, 230, 3, 231, 3, 244, 3, 245, 3,
      246, 3, 247, 3,
      ... 1500 more items
    ],
    '2,1,0': [
       0, 3,  1, 3,  2, 3,  3, 3,  4, 41,  5, 3,
       6, 3,  7, 3, 16, 3, 17, 3, 18,  3, 19, 3,
      20, 3, 21, 3, 22, 3, 23, 3, 32,  3, 33, 3,
      34, 3, 35, 3, 36, 3, 37, 3, 38,  3, 39, 3,
      48, 3, 49, 3, 50, 3, 51, 3, 52,  3, 53, 3,
      54, 3, 55, 3, 64, 3, 65, 3, 66,  3, 67, 3,
      68, 3, 69, 3, 70, 3, 71, 3, 80,  3, 81, 3,
      82, 3, 83, 3, 84, 3, 85, 3, 86,  3, 87, 3,
      96, 3, 97, 3,
      ... 2592 more items
    ],
    '2,1,1': [
        4, 3,   5, 3,   6, 3,   7, 3,  20, 3,  21, 3,
       22, 3,  23, 3,  36, 3,  37, 3,  38, 3,  39, 3,
       52, 3,  53, 3,  54, 3,  55, 3,  68, 3,  69, 3,
       70, 3,  71, 3,  84, 3,  85, 3,  86, 3,  87, 3,
      100, 3, 101, 3, 102, 3, 103, 3, 116, 3, 117, 3,
      118, 3, 119, 3, 132, 3, 133, 3, 134, 3, 135, 3,
      148, 3, 149, 3, 150, 3, 151, 3, 164, 3, 165, 3,
      166, 3, 167, 3, 180, 3, 181, 3, 182, 3, 183, 3,
      196, 3, 197, 3,
      ... 2076 more items
    ],
    '2,1,2': [
        4, 3,   5, 3,   6, 3,   7, 3,  20, 3,  21, 3,
       22, 3,  23, 3,  36, 3,  37, 3,  38, 3,  39, 3,
       52, 3,  53, 3,  54, 3,  55, 3,  68, 3,  69, 3,
       70, 3,  71, 3,  84, 3,  85, 3,  86, 3,  87, 3,
      100, 3, 101, 3, 102, 3, 103, 3, 116, 3, 117, 3,
      118, 3, 119, 3, 132, 3, 133, 3, 134, 3, 135, 3,
      148, 3, 149, 3, 150, 3, 151, 3, 164, 3, 165, 3,
      166, 3, 167, 3, 180, 3, 181, 3, 182, 3, 183, 3,
      196, 3, 197, 3,
      ... 2224 more items
    ],
    '2,2,0': [
       0, 3,  1, 3,  2, 3,  3, 3,  4, 3,  5, 3,
       6, 3,  7, 3, 16, 3, 17, 3, 18, 3, 19, 3,
      20, 3, 21, 3, 22, 3, 23, 3, 32, 3, 33, 3,
      34, 3, 35, 3, 36, 3, 37, 3, 38, 3, 39, 3,
      48, 3, 49, 3, 50, 3, 51, 3, 52, 3, 53, 3,
      54, 3, 55, 3, 64, 3, 65, 3, 66, 3, 67, 3,
      68, 3, 69, 3, 70, 3, 71, 3, 80, 3, 81, 3,
      82, 3, 83, 3, 84, 3, 85, 3, 86, 3, 87, 3,
      96, 3, 97, 3,
      ... 2684 more items
    ],
    '2,2,1': [
        0, 3,   1, 3,   2, 3,   3, 3,   4, 3,   5, 3,
        6, 3,   7, 3,  16, 3,  17, 3,  18, 3,  19, 3,
       20, 3,  21, 3,  22, 3,  23, 3,  36, 3,  37, 3,
       38, 3,  39, 3,  52, 3,  53, 3,  54, 3,  55, 3,
       68, 3,  69, 3,  70, 3,  71, 3,  84, 3,  85, 3,
       86, 3,  87, 3, 100, 3, 101, 3, 102, 3, 103, 3,
      116, 3, 117, 3, 118, 3, 119, 3, 132, 3, 133, 3,
      134, 3, 135, 3, 148, 3, 149, 3, 150, 3, 151, 3,
      164, 3, 165, 3,
      ... 2204 more items
    ],
    '2,2,2': [
        0, 3,   1, 3,   2, 3,   3, 3,   4, 3,   5, 3,
        6, 3,   7, 3,  16, 3,  17, 3,  18, 3,  19, 3,
       20, 3,  21, 3,  22, 3,  23, 3,  36, 3,  37, 3,
       38, 3,  39, 3,  52, 3,  53, 3,  54, 3,  55, 3,
       68, 3,  69, 3,  70, 3,  71, 3,  84, 3,  85, 3,
       86, 3,  87, 3, 100, 3, 101, 3, 102, 3, 103, 3,
      116, 3, 117, 3, 118, 3, 119, 3, 132, 3, 133, 3,
      134, 3, 135, 3, 148, 3, 149, 3, 150, 3, 151, 3,
      164, 3, 165, 3,
      ... 2308 more items
    ],
    '2,3,0': [
       0, 3,  1, 3,  2, 3,  3, 3,  4, 3,  5, 3,
       6, 3,  7, 3, 16, 3, 17, 3, 18, 3, 19, 3,
      20, 3, 21, 3, 22, 3, 23, 3, 32, 3, 33, 3,
      34, 3, 35, 3, 36, 3, 37, 3, 38, 3, 39, 3,
      48, 3, 49, 3, 50, 3, 51, 3, 52, 3, 53, 3,
      54, 3, 55, 3, 64, 3, 65, 3, 66, 3, 67, 3,
      68, 3, 69, 3, 70, 3, 71, 3, 80, 3, 81, 3,
      82, 3, 83, 3, 84, 3, 85, 3, 86, 3, 87, 3,
      96, 3, 97, 3,
      ... 2750 more items
    ],
    '2,3,1': [
        4, 3,   5, 3,   6, 3,   7, 3,  16, 3,  17, 3,
       18, 3,  19, 3,  20, 3,  21, 3,  22, 3,  23, 3,
       32, 3,  33, 3,  34, 3,  35, 3,  36, 3,  37, 3,
       38, 3,  39, 3,  52, 3,  53, 3,  54, 3,  55, 3,
       68, 3,  69, 3,  70, 3,  71, 3,  84, 3,  85, 3,
       86, 3,  87, 3, 100, 3, 101, 3, 102, 3, 103, 3,
      116, 3, 117, 3, 118, 3, 119, 3, 132, 3, 133, 3,
      134, 3, 135, 3, 148, 3, 149, 3, 150, 3, 151, 3,
      164, 3, 165, 3,
      ... 2204 more items
    ],
    '2,3,2': [
        4, 3,   5, 3,   6, 3,   7, 3,  16, 3,  17, 3,
       18, 3,  19, 3,  20, 3,  21, 3,  22, 3,  23, 3,
       32, 3,  33, 3,  34, 3,  35, 3,  36, 3,  37, 3,
       38, 3,  39, 3,  52, 3,  53, 3,  54, 3,  55, 3,
       68, 3,  69, 3,  70, 3,  71, 3,  84, 3,  85, 3,
       86, 3,  87, 3, 100, 3, 101, 3, 102, 3, 103, 3,
      116, 3, 117, 3, 118, 3, 119, 3, 132, 3, 133, 3,
      134, 3, 135, 3, 148, 3, 149, 3, 150, 3, 151, 3,
      164, 3, 165, 3,
      ... 2392 more items
    ],
    '2,4,0': [
       0, 3,  1,  3,  2,  3,  3,  4,  4,  4,  5,  4,
       6, 4,  7,  4,  8,  4,  9,  4, 16,  3, 17,  3,
      18, 3, 19,  4, 20,  4, 21,  4, 22,  4, 23,  4,
      24, 4, 25,  4, 32,  3, 33,  4, 34,  4, 35,  4,
      36, 4, 37,  4, 38,  4, 39,  4, 40,  4, 41,  4,
      48, 3, 49,  4, 50,  4, 51,  4, 52,  4, 53,  4,
      54, 4, 55,  4, 56,  4, 57,  4, 64,  3, 65,  3,
      66, 3, 67, 41, 68, 41, 69, 41, 70, 41, 71, 41,
      80, 3, 81,  3,
      ... 1392 more items
    ],
    '2,4,1': [
        4, 3,   5, 3,   6, 3,   7, 3,  20, 3,  21, 3,
       22, 3,  23, 3,  32, 3,  33, 3,  34, 3,  35, 3,
       36, 3,  37, 3,  38, 3,  39, 3,  48, 3,  49, 3,
       50, 3,  51, 3,  52, 3,  53, 3,  54, 3,  55, 3,
       64, 3,  65, 3,  66, 3,  67, 3,  68, 3,  69, 3,
       70, 3,  71, 3,  80, 3,  81, 3,  82, 3,  83, 3,
       84, 3,  85, 3,  86, 3,  87, 3, 260, 3, 261, 3,
      262, 3, 263, 3, 276, 3, 277, 3, 278, 3, 279, 3,
      288, 3, 289, 3,
      ... 1180 more items
    ],
    '2,4,2': [
        4, 3,   5, 3,   6, 3,   7, 3,  20, 3,  21, 3,
       22, 3,  23, 3,  32, 3,  33, 3,  34, 3,  35, 3,
       36, 3,  37, 3,  38, 3,  39, 3,  48, 3,  49, 3,
       50, 3,  51, 3,  52, 3,  53, 3,  54, 3,  55, 3,
       64, 3,  65, 3,  66, 3,  67, 3,  68, 3,  69, 3,
       70, 3,  71, 3,  80, 3,  81, 3,  82, 3,  83, 3,
       84, 3,  85, 3,  86, 3,  87, 3, 260, 3, 261, 3,
      262, 3, 263, 3, 276, 3, 277, 3, 278, 3, 279, 3,
      288, 3, 289, 3,
      ... 1372 more items
    ],
    '1,0,1': [
      128, 1, 129, 1, 130, 1, 131, 1, 132, 1, 133, 1,
      134, 1, 135, 1, 136, 1, 137, 1, 138, 1, 139, 1,
      140, 1, 141, 1, 142, 1, 143, 1, 144, 1, 145, 1,
      146, 1, 147, 1, 148, 1, 149, 1, 150, 1, 151, 1,
      152, 1, 153, 1, 154, 1, 155, 1, 156, 1, 157, 1,
      158, 1, 159, 1, 160, 1, 161, 1, 162, 1, 163, 1,
      164, 1, 165, 1, 166, 1, 167, 1, 168, 1, 169, 1,
      170, 1, 171, 1, 172, 1, 173, 1, 174, 1, 175, 1,
      176, 3, 177, 3,
      ... 2972 more items
    ],
    '1,4,0': [
       0, 3,  1, 3,  2, 3,  3, 3,  4, 3,  5, 3,
       6, 3,  7, 3,  8, 3,  9, 3, 10, 3, 11, 3,
      12, 3, 13, 3, 14, 3, 15, 3, 16, 3, 17, 3,
      18, 3, 19, 3, 20, 3, 21, 3, 22, 3, 23, 3,
      24, 3, 25, 3, 26, 3, 27, 3, 28, 3, 29, 3,
      30, 3, 31, 3, 32, 3, 33, 3, 34, 3, 35, 3,
      36, 3, 37, 3, 38, 3, 39, 3, 40, 3, 41, 3,
      42, 3, 43, 3, 44, 3, 45, 3, 46, 3, 47, 3,
      48, 3, 49, 3,
      ... 2204 more items
    ],
    '1,4,1': [
      32, 3, 33, 3, 34, 3, 35, 3, 36, 3, 37, 3,
      38, 3, 39, 3, 40, 3, 41, 3, 42, 3, 43, 3,
      44, 3, 45, 3, 46, 3, 47, 3, 48, 3, 49, 3,
      50, 3, 51, 3, 52, 3, 53, 3, 54, 3, 55, 3,
      56, 3, 57, 3, 58, 3, 59, 3, 60, 3, 61, 3,
      62, 3, 63, 3, 64, 3, 65, 3, 66, 3, 67, 3,
      68, 3, 69, 3, 70, 3, 71, 3, 72, 3, 73, 3,
      74, 3, 75, 3, 76, 3, 77, 3, 78, 3, 79, 3,
      80, 3, 81, 3,
      ... 1948 more items
    ],
    '1,4,2': [
      32, 3, 33, 3, 34, 3, 35, 3, 36, 3, 37, 3,
      38, 3, 39, 3, 40, 3, 41, 3, 42, 3, 43, 3,
      44, 3, 45, 3, 46, 3, 47, 3, 48, 3, 49, 3,
      50, 3, 51, 3, 52, 3, 53, 3, 54, 3, 55, 3,
      56, 3, 57, 3, 58, 3, 59, 3, 60, 3, 61, 3,
      62, 3, 63, 3, 64, 3, 65, 3, 66, 3, 67, 3,
      68, 3, 69, 3, 70, 3, 71, 3, 72, 3, 73, 3,
      74, 3, 75, 3, 76, 3, 77, 3, 78, 3, 79, 3,
      80, 3, 81, 3,
      ... 1884 more items
    ],
    '1,1,2': [
       240, 3,  241, 3, 242, 3, 243, 3, 244, 3, 245, 3,
       246, 3,  247, 3, 248, 3, 249, 3, 250, 3, 251, 3,
       252, 3,  253, 3, 254, 3, 255, 3, 496, 3, 497, 3,
       498, 3,  499, 3, 500, 3, 501, 3, 502, 3, 503, 3,
       504, 3,  505, 3, 506, 3, 507, 3, 508, 3, 509, 3,
       510, 3,  511, 3, 752, 3, 753, 3, 754, 3, 755, 3,
       756, 3,  757, 3, 758, 3, 759, 3, 760, 3, 761, 3,
       762, 3,  763, 3, 764, 3, 765, 3, 766, 3, 767, 3,
      1008, 3, 1009, 3,
      ... 1788 more items
    ],
    '1,2,2': [
        0, 3,   1, 3,   2, 3,   3, 3,   4, 3,   5, 3,
        6, 3,   7, 3,   8, 3,   9, 3,  10, 3,  11, 3,
       12, 3,  13, 3,  14, 3,  15, 3,  16, 3,  17, 3,
       18, 3,  19, 3,  20, 3,  21, 3,  22, 3,  23, 3,
       24, 3,  25, 3,  26, 3,  27, 3,  28, 3,  29, 3,
       30, 3,  31, 3, 256, 3, 257, 3, 258, 3, 259, 3,
      260, 3, 261, 3, 262, 3, 263, 3, 264, 3, 265, 3,
      266, 3, 267, 3, 268, 3, 269, 3, 270, 3, 271, 3,
      272, 3, 273, 3,
      ... 2140 more items
    ],
    '1,3,2': [
       16, 3,  17, 3,  18, 3,  19, 3,  20, 3,  21, 3,
       22, 3,  23, 3,  24, 3,  25, 3,  26, 3,  27, 3,
       28, 3,  29, 3,  30, 3,  31, 3,  32, 3,  33, 3,
       34, 3,  35, 3,  36, 3,  37, 3,  38, 3,  39, 3,
       40, 3,  41, 3,  42, 3,  43, 3,  44, 3,  45, 3,
       46, 3,  47, 3, 272, 3, 273, 3, 274, 3, 275, 3,
      276, 3, 277, 3, 278, 3, 279, 3, 280, 3, 281, 3,
      282, 3, 283, 3, 284, 3, 285, 3, 286, 3, 287, 3,
      288, 3, 289, 3,
      ... 2140 more items
    ],
    '1,1,0': [
       0, 3,  1, 3,  2, 3,  3, 3,  4, 3,  5, 3,
       6, 3,  7, 3,  8, 3,  9, 3, 10, 3, 11, 3,
      12, 3, 13, 3, 14, 3, 15, 3, 16, 3, 17, 3,
      18, 3, 19, 3, 20, 3, 21, 3, 22, 3, 23, 3,
      24, 3, 25, 3, 26, 3, 27, 3, 28, 3, 29, 3,
      30, 3, 31, 3, 32, 3, 33, 3, 34, 3, 35, 3,
      36, 3, 37, 3, 38, 3, 39, 3, 40, 3, 41, 3,
      42, 3, 43, 3, 44, 3, 45, 3, 46, 3, 47, 3,
      48, 3, 49, 3,
      ... 2204 more items
    ],
    '1,1,1': [
       240, 3,  241, 3, 242, 3, 243, 3, 244, 3, 245, 3,
       246, 3,  247, 3, 248, 3, 249, 3, 250, 3, 251, 3,
       252, 3,  253, 3, 254, 3, 255, 3, 496, 3, 497, 3,
       498, 3,  499, 3, 500, 3, 501, 3, 502, 3, 503, 3,
       504, 3,  505, 3, 506, 3, 507, 3, 508, 3, 509, 3,
       510, 3,  511, 3, 752, 3, 753, 3, 754, 3, 755, 3,
       756, 3,  757, 3, 758, 3, 759, 3, 760, 3, 761, 3,
       762, 3,  763, 3, 764, 3, 765, 3, 766, 3, 767, 3,
      1008, 3, 1009, 3,
      ... 412 more items
    ],
    '1,2,0': [
       0, 3,  1, 3,  2, 3,  3, 3,  4, 3,  5, 3,
       6, 3,  7, 3,  8, 3,  9, 3, 10, 3, 11, 3,
      12, 3, 13, 3, 14, 3, 15, 3, 16, 3, 17, 3,
      18, 3, 19, 3, 20, 3, 21, 3, 22, 3, 23, 3,
      24, 3, 25, 3, 26, 3, 27, 3, 28, 3, 29, 3,
      30, 3, 31, 3, 32, 3, 33, 3, 34, 3, 35, 3,
      36, 3, 37, 3, 38, 3, 39, 3, 40, 3, 41, 3,
      42, 3, 43, 3, 44, 3, 45, 3, 46, 3, 47, 3,
      48, 3, 49, 3,
      ... 2588 more items
    ],
    '1,2,1': [
        0, 3,   1, 3,   2, 3,   3, 3,   4, 3,   5, 3,
        6, 3,   7, 3,   8, 3,   9, 3,  10, 3,  11, 3,
       12, 3,  13, 3,  14, 3,  15, 3,  16, 3,  17, 3,
       18, 3,  19, 3,  20, 3,  21, 3,  22, 3,  23, 3,
       24, 3,  25, 3,  26, 3,  27, 3,  28, 3,  29, 3,
       30, 3,  31, 3, 256, 3, 257, 3, 258, 3, 259, 3,
      260, 3, 261, 3, 262, 3, 263, 3, 264, 3, 265, 3,
      266, 3, 267, 3, 268, 3, 269, 3, 270, 3, 271, 3,
      272, 3, 273, 3,
      ... 924 more items
    ],
    '1,3,0': [
       0, 3,  1, 3,  2, 3,  3, 3,  4, 3,  5, 3,
       6, 3,  7, 3,  8, 3,  9, 3, 10, 3, 11, 3,
      12, 3, 13, 3, 14, 3, 15, 3, 16, 3, 17, 3,
      18, 3, 19, 3, 20, 3, 21, 3, 22, 3, 23, 3,
      24, 3, 25, 3, 26, 3, 27, 3, 28, 3, 29, 3,
      30, 3, 31, 3, 32, 3, 33, 3, 34, 3, 35, 3,
      36, 3, 37, 3, 38, 3, 39, 3, 40, 3, 41, 3,
      42, 3, 43, 3, 44, 3, 45, 3, 46, 3, 47, 3,
      48, 3, 49, 3,
      ... 2716 more items
    ],
    '1,3,1': [
       16, 3,  17, 3,  18, 3,  19, 3,  20, 3,  21, 3,
       22, 3,  23, 3,  24, 3,  25, 3,  26, 3,  27, 3,
       28, 3,  29, 3,  30, 3,  31, 3,  32, 3,  33, 3,
       34, 3,  35, 3,  36, 3,  37, 3,  38, 3,  39, 3,
       40, 3,  41, 3,  42, 3,  43, 3,  44, 3,  45, 3,
       46, 3,  47, 3, 272, 3, 273, 3, 274, 3, 275, 3,
      276, 3, 277, 3, 278, 3, 279, 3, 280, 3, 281, 3,
      282, 3, 283, 3, 284, 3, 285, 3, 286, 3, 287, 3,
      288, 3, 289, 3,
      ... 924 more items
    ],
    '-1,3,-1': [ 4095, 4 ],
    '0,3,-1': [
      3682, 41, 3695,  4, 3711,  4, 3727,  4,
      3743,  4, 3759,  4, 3775,  4, 3863, 42,
      3864, 42, 3865, 42, 3866, 42, 3867, 42,
      3868, 42, 3869, 42, 3870, 42, 3871, 42,
      3938, 41, 4080,  4, 4081,  4, 4082,  4,
      4083,  4, 4084,  4, 4085,  4, 4086,  4
    ],
    '-1,3,0': [
       255,    4,  511,    4, 767,
         4, 1023,    4, 1279,   4,
      1535,    4, 1791,    4
    ],
    '-1,4,-1': [
      3855,    4, 3871,
         4, 3887,    4,
      3903,    4
    ],
    '0,4,-1': [
      3840,    4, 3841,    4, 3842,    4, 3843,    4, 3844,
         4, 3845,    4, 3846,    4, 3856,    4, 3857,    4,
      3858,    4, 3859,    4, 3860,    4, 3861,    4, 3862,
         4, 3872,    4, 3873,    4, 3874,    4, 3875,    4,
      3876,    4, 3877,    4, 3878,    4, 3888,    4, 3889,
         4, 3890,    4, 3891,    4, 3892,    4, 3893,    4,
      3894,    4
    ],
    '-1,4,0': [
        15,    4,   31,    4,   47,    4,   63,    4,  271,
         4,  287,    4,  303,    4,  319,    4,  527,    4,
       543,    4,  559,    4,  575,    4,  783,    4,  799,
         4,  815,    4,  831,    4, 1039,    4, 1055,    4,
      1071,    4, 1087,    4, 1295,    4, 1311,    4, 1327,
         4, 1343,    4, 1551,    4, 1567,    4, 1583,    4,
      1599,    4
    ],
    '0,1,-1': [
      3586,   41, 3599,    4, 3615,    4, 3631,
         4, 3647,    4, 3663,    4, 3679,    4,
      3842,   41, 4071,   42, 4072,   42, 4073,
        42, 4074,   42, 4075,   42, 4076,   42,
      4077,   42, 4078,   42, 4079,   42
    ],
    '-1,3,2': [
      2047,    4, 2303,    4, 2559,
         4, 2815,    4, 3071,    4,
      3327,    4, 3583,    4, 3839,
         4, 4095,    4
    ],
    '-1,4,2': [
      1807, 4, 1823, 4, 1839, 4, 1855, 4, 2063, 4,
      2079, 4, 2095, 4, 2111, 4, 2319, 4, 2335, 4,
      2351, 4, 2367, 4, 2575, 4, 2591, 4, 2607, 4,
      2623, 4, 2831, 4, 2847, 4, 2863, 4, 2879, 4,
      3087, 4, 3103, 4, 3119, 4, 3135, 4, 3343, 4,
      3359, 4, 3375, 4, 3391, 4, 3599, 4, 3615, 4,
      3631, 4, 3647, 4, 3855, 4, 3871, 4, 3887, 4,
      3903, 4
    ],
    '2,3,-1': [
      3684, 41, 3856, 42, 3857, 42,
      3940, 41, 4081,  4, 4082,  4,
      4083,  4, 4084,  4, 4085,  4,
      4086,  4, 4087,  4, 4088,  4,
      4089,  4
    ],
    '2,4,-1': [
      3841, 4, 3842, 4, 3843, 4, 3844, 4, 3845, 4,
      3846, 4, 3847, 4, 3848, 4, 3849, 4, 3857, 4,
      3858, 4, 3859, 4, 3860, 4, 3861, 4, 3862, 4,
      3863, 4, 3864, 4, 3865, 4, 3873, 4, 3874, 4,
      3875, 4, 3876, 4, 3877, 4, 3878, 4, 3879, 4,
      3880, 4, 3881, 4, 3889, 4, 3890, 4, 3891, 4,
      3892, 4, 3893, 4, 3894, 4, 3895, 4, 3896, 4,
      3897, 4
    ],
    '2,1,-1': [
      3588,   41, 3844,
        41, 4064,   42,
      4065,   42
    ],
    '0,0,-1': [
      4023,   42, 4024,   42, 4025,
        42, 4026,   42, 4027,   42,
      4028,   42, 4029,   42, 4030,
        42, 4031,   42
    ],
    '1,0,-1': [
      4016, 42, 4017, 42, 4018, 42,
      4019, 42, 4020, 42, 4021, 42,
      4022, 42, 4023, 42, 4024, 42,
      4025, 42, 4026, 42, 4027, 42,
      4028, 42, 4029, 42, 4030, 42,
      4031, 42
    ],
    '2,0,-1': [ 4016, 42, 4017, 42 ],
    '1,1,-1': [
      3344, 41, 3345, 41, 3346, 41, 3347, 41, 3348, 41, 3349, 41,
      3350, 41, 3351, 41, 3360, 41, 3361,  4, 3362,  4, 3363,  4,
      3364,  4, 3365,  4, 3366,  4, 3367, 41, 3376, 41, 3377,  4,
      3378,  4, 3379,  4, 3380,  4, 3381,  4, 3382,  4, 3383, 41,
      3392, 41, 3393, 41, 3394, 41, 3395, 41, 3396, 41, 3397, 41,
      3398, 41, 3399, 41, 3584,  4, 3585,  4, 3586,  4, 3587,  4,
      3588,  4, 3589,  4, 3590,  4, 3591,  4, 3592,  4, 3600,  4,
      3601,  4, 3602,  4, 3603,  4, 3604,  4, 3605,  4, 3606,  4,
      3607,  4, 3608,  4,
      ... 104 more items
    ],
    '0,2,-1': [
      3647, 4, 3663, 4,
      3679, 4, 3695, 4,
      3711, 4, 3727, 4
    ],
    '1,2,-1': [
      3392, 41, 3393, 41, 3394, 41, 3395, 41, 3396, 41, 3397, 41,
      3398, 41, 3399, 41, 3408, 41, 3409,  4, 3410,  4, 3411,  4,
      3412,  4, 3413,  4, 3414,  4, 3415, 41, 3424, 41, 3425,  4,
      3426,  4, 3427,  4, 3428,  4, 3429,  4, 3430,  4, 3431, 41,
      3440, 41, 3441, 41, 3442, 41, 3443, 41, 3444, 41, 3445, 41,
      3446, 41, 3447, 41, 3632,  4, 3633,  4, 3634,  4, 3635,  4,
      3636,  4, 3637,  4, 3638,  4, 3639,  4, 3640,  4, 3648,  4,
      3649,  4, 3650,  4, 3651,  4, 3652,  4, 3653,  4, 3654,  4,
      3655,  4, 3656,  4,
      ... 72 more items
    ],
    '1,3,-1': [
      3440, 41, 3441, 41, 3442, 41, 3443, 41, 3444, 41, 3445, 41,
      3446, 41, 3447, 41, 3456, 41, 3457,  4, 3458,  4, 3459,  4,
      3460,  4, 3461,  4, 3462,  4, 3463, 41, 3472, 41, 3473,  4,
      3474,  4, 3475,  4, 3476,  4, 3477,  4, 3478,  4, 3479, 41,
      3488, 41, 3489, 41, 3490, 41, 3491, 41, 3492, 41, 3493, 41,
      3494, 41, 3495, 41, 3680,  4, 3681,  4, 3682,  4, 3683,  4,
      3684,  4, 3685,  4, 3686,  4, 3687,  4, 3688,  4, 3696,  4,
      3697,  4, 3698,  4, 3699,  4, 3700,  4, 3701,  4, 3702,  4,
      3703,  4, 3704,  4,
      ... 104 more items
    ]
  },
  expected: {
    '0,0,0': [
      144, 3, 145, 3, 146, 3, 147, 3, 148, 3, 149, 3,
      160, 3, 161, 3, 162, 3, 163, 3, 164, 3, 165, 3,
      166, 3, 167, 3, 168, 3, 169, 3, 170, 3, 171, 3,
      172, 3, 173, 3, 174, 3, 175, 3, 176, 3, 177, 3,
      178, 3, 179, 3, 180, 3, 181, 3, 182, 3, 183, 3,
      184, 3, 185, 3, 186, 3, 187, 3, 188, 3, 189, 3,
      190, 3, 191, 3, 192, 3, 193, 3, 194, 3, 195, 3,
      196, 3, 197, 3, 198, 3, 199, 3, 200, 3, 201, 3,
      202, 3, 203, 3,
      ... 4478 more items
    ],
    '0,0,2': [
      132, 1, 133, 1, 134, 1, 135, 1, 136, 1, 137, 1,
      138, 1, 139, 1, 140, 1, 141, 1, 142, 1, 143, 1,
      148, 1, 149, 1, 150, 1, 151, 1, 152, 1, 153, 1,
      154, 1, 155, 1, 156, 1, 157, 1, 158, 1, 159, 1,
      160, 3, 161, 3, 162, 3, 163, 3, 164, 1, 165, 1,
      166, 1, 167, 1, 168, 1, 169, 1, 170, 1, 171, 1,
      172, 1, 173, 1, 174, 1, 175, 1, 176, 3, 177, 3,
      178, 3, 179, 3, 180, 3, 181, 3, 182, 3, 183, 3,
      184, 3, 185, 3,
      ... 4040 more items
    ],
    '1,0,0': [
      160, 3, 161, 3, 162, 3, 163, 3, 164, 3, 165, 3,
      166, 3, 167, 3, 168, 3, 169, 3, 170, 3, 171, 3,
      172, 3, 173, 3, 174, 3, 175, 3, 176, 3, 177, 3,
      178, 3, 179, 3, 180, 3, 181, 3, 182, 3, 183, 3,
      184, 3, 185, 3, 186, 3, 187, 3, 188, 3, 189, 3,
      190, 3, 191, 3, 192, 3, 193, 3, 194, 3, 195, 3,
      196, 3, 197, 3, 198, 3, 199, 3, 200, 3, 201, 3,
      202, 3, 203, 3, 204, 3, 205, 3, 206, 3, 207, 3,
      208, 3, 209, 3,
      ... 3612 more items
    ],
    '2,0,0': [
      147, 3, 148, 3, 149, 3, 150, 3, 151, 3, 160, 3,
      161, 3, 162, 3, 163, 3, 164, 3, 165, 3, 166, 3,
      167, 3, 176, 3, 177, 3, 178, 3, 179, 3, 180, 3,
      181, 3, 182, 3, 183, 3, 192, 3, 193, 3, 194, 3,
      195, 3, 196, 3, 197, 3, 198, 3, 199, 3, 208, 3,
      209, 3, 210, 3, 211, 3, 212, 3, 213, 3, 214, 3,
      215, 3, 224, 3, 225, 3, 226, 3, 227, 3, 228, 3,
      229, 3, 230, 3, 231, 3, 240, 3, 241, 3, 242, 3,
      243, 3, 244, 3,
      ... 2376 more items
    ],
    '1,0,2': [
      128, 1, 129, 1, 130, 1, 131, 1, 132, 1, 133, 1,
      134, 1, 135, 1, 136, 1, 137, 1, 138, 1, 139, 1,
      140, 1, 141, 1, 142, 1, 143, 1, 144, 1, 145, 1,
      146, 1, 147, 1, 148, 1, 149, 1, 150, 1, 151, 1,
      152, 1, 153, 1, 154, 1, 155, 1, 156, 1, 157, 1,
      158, 1, 159, 1, 160, 1, 161, 1, 162, 1, 163, 1,
      164, 1, 165, 1, 166, 1, 167, 1, 168, 1, 169, 1,
      170, 1, 171, 1, 172, 1, 173, 1, 174, 1, 175, 1,
      176, 3, 177, 3,
      ... 3164 more items
    ],
    '2,0,2': [
      128, 1, 129, 1, 130, 1, 131, 1, 132, 1, 144, 1,
      145, 1, 146, 1, 147, 1, 148, 1, 160, 1, 161, 1,
      162, 1, 163, 1, 164, 1, 165, 3, 166, 3, 167, 3,
      176, 3, 177, 3, 178, 3, 179, 3, 180, 3, 181, 3,
      182, 3, 183, 3, 192, 3, 193, 3, 194, 3, 195, 3,
      196, 3, 197, 3, 198, 3, 199, 3, 208, 3, 209, 3,
      210, 3, 211, 3, 212, 3, 213, 3, 214, 3, 215, 3,
      228, 3, 229, 3, 230, 3, 231, 3, 244, 3, 245, 3,
      246, 3, 247, 3,
      ... 2154 more items
    ],
    '0,0,1': [
      132, 1, 133, 1, 134, 1, 135, 1, 136, 1, 137, 1,
      138, 1, 139, 1, 140, 1, 141, 1, 142, 1, 143, 1,
      148, 1, 149, 1, 150, 1, 151, 1, 152, 1, 153, 1,
      154, 1, 155, 1, 156, 1, 157, 1, 158, 1, 159, 1,
      160, 3, 161, 3, 162, 3, 163, 3, 164, 1, 165, 1,
      166, 1, 167, 1, 168, 1, 169, 1, 170, 1, 171, 1,
      172, 1, 173, 1, 174, 1, 175, 1, 176, 3, 177, 3,
      178, 3, 179, 3, 180, 3, 181, 3, 182, 3, 183, 3,
      184, 3, 185, 3,
      ... 2972 more items
    ],
    '0,1,0': [
       0, 3,  1, 3,  2, 41,  3, 3,  4, 3,  5, 3,
       6, 3,  7, 3,  8,  3,  9, 3, 10, 3, 11, 3,
      12, 3, 13, 3, 14,  3, 15, 3, 16, 3, 17, 3,
      18, 3, 19, 3, 20,  3, 21, 3, 22, 3, 23, 3,
      24, 3, 25, 3, 26,  3, 27, 3, 28, 3, 29, 3,
      30, 3, 31, 3, 32,  3, 33, 3, 34, 3, 35, 3,
      36, 3, 37, 3, 38,  3, 39, 3, 40, 3, 41, 3,
      42, 3, 43, 3, 44,  3, 45, 3, 46, 3, 47, 3,
      48, 3, 49, 3,
      ... 3812 more items
    ],
    '0,1,1': [
        0, 3,   1, 3,   2, 3,   3, 3,  16, 3,  17, 3,
       18, 3,  19, 3,  32, 3,  33, 3,  34, 3,  35, 3,
       48, 3,  49, 3,  50, 3,  51, 3,  64, 3,  65, 3,
       66, 3,  67, 3,  80, 3,  81, 3,  82, 3,  83, 3,
       96, 3,  97, 3,  98, 3,  99, 3, 112, 3, 113, 3,
      114, 3, 115, 3, 128, 3, 129, 3, 130, 3, 131, 3,
      144, 3, 145, 3, 146, 3, 147, 3, 160, 3, 161, 3,
      162, 3, 163, 3, 176, 3, 177, 3, 178, 3, 179, 3,
      192, 3, 193, 3,
      ... 2332 more items
    ],
    '0,1,2': [
        0, 3,   1, 3,   2, 3,   3, 3,  16, 3,  17, 3,
       18, 3,  19, 3,  32, 3,  33, 3,  34, 3,  35, 3,
       48, 3,  49, 3,  50, 3,  51, 3,  64, 3,  65, 3,
       66, 3,  67, 3,  80, 3,  81, 3,  82, 3,  83, 3,
       96, 3,  97, 3,  98, 3,  99, 3, 112, 3, 113, 3,
      114, 3, 115, 3, 128, 3, 129, 3, 130, 3, 131, 3,
      144, 3, 145, 3, 146, 3, 147, 3, 160, 3, 161, 3,
      162, 3, 163, 3, 176, 3, 177, 3, 178, 3, 179, 3,
      192, 3, 193, 3,
      ... 3228 more items
    ],
    '0,2,0': [
       0, 3,  1, 3,  2, 3,  3, 3,  4, 3,  5, 3,
       6, 3,  7, 3,  8, 3,  9, 3, 10, 3, 11, 3,
      12, 3, 13, 3, 14, 3, 15, 3, 16, 3, 17, 3,
      18, 3, 19, 3, 20, 3, 21, 3, 22, 3, 23, 3,
      24, 3, 25, 3, 26, 3, 27, 3, 28, 3, 29, 3,
      30, 3, 31, 3, 32, 3, 33, 3, 34, 3, 35, 3,
      36, 3, 37, 3, 38, 3, 39, 3, 40, 3, 41, 3,
      42, 3, 43, 3, 44, 3, 45, 3, 46, 3, 47, 3,
      48, 3, 49, 3,
      ... 4092 more items
    ],
    '0,2,1': [
       0, 3,  1, 3,  2, 3,  3, 3,  4, 3,  5, 3,
       6, 3,  7, 3,  8, 3,  9, 3, 10, 3, 11, 3,
      12, 3, 13, 3, 14, 3, 15, 3, 16, 3, 17, 3,
      18, 3, 19, 3, 20, 3, 21, 3, 22, 3, 23, 3,
      24, 3, 25, 3, 26, 3, 27, 3, 28, 3, 29, 3,
      30, 3, 31, 3, 32, 3, 33, 3, 34, 3, 35, 3,
      48, 3, 49, 3, 50, 3, 51, 3, 64, 3, 65, 3,
      66, 3, 67, 3, 80, 3, 81, 3, 82, 3, 83, 3,
      96, 3, 97, 3,
      ... 2716 more items
    ],
    '0,2,2': [
       0, 3,  1, 3,  2, 3,  3, 3,  4, 3,  5, 3,
       6, 3,  7, 3,  8, 3,  9, 3, 10, 3, 11, 3,
      12, 3, 13, 3, 14, 3, 15, 3, 16, 3, 17, 3,
      18, 3, 19, 3, 20, 3, 21, 3, 22, 3, 23, 3,
      24, 3, 25, 3, 26, 3, 27, 3, 28, 3, 29, 3,
      30, 3, 31, 3, 32, 3, 33, 3, 34, 3, 35, 3,
      48, 3, 49, 3, 50, 3, 51, 3, 64, 3, 65, 3,
      66, 3, 67, 3, 80, 3, 81, 3, 82, 3, 83, 3,
      96, 3, 97, 3,
      ... 3484 more items
    ],
    '0,3,0': [
       0, 3,  1, 3,  2, 3,  3, 3,  4, 3,  5, 3,
       6, 3,  7, 3,  8, 3,  9, 3, 10, 3, 11, 3,
      12, 3, 13, 3, 14, 3, 15, 3, 16, 3, 17, 3,
      18, 3, 19, 3, 20, 3, 21, 3, 22, 3, 23, 3,
      24, 3, 25, 3, 26, 3, 27, 3, 28, 3, 29, 3,
      30, 3, 31, 3, 32, 3, 33, 3, 34, 3, 35, 3,
      36, 3, 37, 3, 38, 3, 39, 3, 40, 3, 41, 3,
      42, 3, 43, 3, 44, 3, 45, 3, 46, 3, 47, 3,
      48, 3, 49, 3,
      ... 4182 more items
    ],
    '0,3,1': [
       0, 3,  1, 3,  2, 3,  3, 3, 16, 3, 17, 3,
      18, 3, 19, 3, 20, 3, 21, 3, 22, 3, 23, 3,
      24, 3, 25, 3, 26, 3, 27, 3, 28, 3, 29, 3,
      30, 3, 31, 3, 32, 3, 33, 3, 34, 3, 35, 3,
      36, 3, 37, 3, 38, 3, 39, 3, 40, 3, 41, 3,
      42, 3, 43, 3, 44, 3, 45, 3, 46, 3, 47, 3,
      48, 3, 49, 3, 50, 3, 51, 3, 64, 3, 65, 3,
      66, 3, 67, 3, 80, 3, 81, 3, 82, 3, 83, 3,
      96, 3, 97, 3,
      ... 2716 more items
    ],
    '0,3,2': [
       0, 3,  1, 3,  2, 3,  3, 3, 16, 3, 17, 3,
      18, 3, 19, 3, 20, 3, 21, 3, 22, 3, 23, 3,
      24, 3, 25, 3, 26, 3, 27, 3, 28, 3, 29, 3,
      30, 3, 31, 3, 32, 3, 33, 3, 34, 3, 35, 3,
      36, 3, 37, 3, 38, 3, 39, 3, 40, 3, 41, 3,
      42, 3, 43, 3, 44, 3, 45, 3, 46, 3, 47, 3,
      48, 3, 49, 3, 50, 3, 51, 3, 64, 3, 65, 3,
      66, 3, 67, 3, 80, 3, 81, 3, 82, 3, 83, 3,
      96, 3, 97, 3,
      ... 3528 more items
    ],
    '0,4,0': [
       0, 4,  1, 4,  2, 4,  3, 4,  4, 4,  5, 4,
       6, 3,  7, 3,  8, 3,  9, 3, 10, 3, 11, 3,
      12, 3, 13, 3, 14, 3, 15, 3, 16, 4, 17, 4,
      18, 4, 19, 4, 20, 4, 21, 4, 22, 3, 23, 3,
      24, 3, 25, 3, 26, 3, 27, 3, 28, 3, 29, 3,
      30, 3, 31, 3, 32, 4, 33, 4, 34, 4, 35, 4,
      36, 4, 37, 4, 38, 4, 39, 3, 40, 3, 41, 3,
      42, 3, 43, 3, 44, 3, 45, 3, 46, 3, 47, 3,
      48, 4, 49, 4,
      ... 2432 more items
    ],
    '0,4,1': [
       0, 3,  1, 3,  2, 3,  3, 3, 16, 3, 17, 3,
      18, 3, 19, 3, 32, 3, 33, 3, 34, 3, 35, 3,
      36, 3, 37, 3, 38, 3, 39, 3, 40, 3, 41, 3,
      42, 3, 43, 3, 44, 3, 45, 3, 46, 3, 47, 3,
      48, 3, 49, 3, 50, 3, 51, 3, 52, 3, 53, 3,
      54, 3, 55, 3, 56, 3, 57, 3, 58, 3, 59, 3,
      60, 3, 61, 3, 62, 3, 63, 3, 64, 3, 65, 3,
      66, 3, 67, 3, 68, 3, 69, 3, 70, 3, 71, 3,
      72, 3, 73, 3,
      ... 2204 more items
    ],
    '0,4,2': [
       0, 3,  1, 3,  2, 3,  3, 3, 16, 3, 17, 3,
      18, 3, 19, 3, 32, 3, 33, 3, 34, 3, 35, 3,
      36, 3, 37, 3, 38, 3, 39, 3, 40, 3, 41, 3,
      42, 3, 43, 3, 44, 3, 45, 3, 46, 3, 47, 3,
      48, 3, 49, 3, 50, 3, 51, 3, 52, 3, 53, 3,
      54, 3, 55, 3, 56, 3, 57, 3, 58, 3, 59, 3,
      60, 3, 61, 3, 62, 3, 63, 3, 64, 3, 65, 3,
      66, 3, 67, 3, 68, 3, 69, 3, 70, 3, 71, 3,
      72, 3, 73, 3,
      ... 2220 more items
    ],
    '2,0,1': [
      128, 1, 129, 1, 130, 1, 131, 1, 132, 1, 144, 1,
      145, 1, 146, 1, 147, 1, 148, 1, 160, 1, 161, 1,
      162, 1, 163, 1, 164, 1, 165, 3, 166, 3, 167, 3,
      176, 3, 177, 3, 178, 3, 179, 3, 180, 3, 181, 3,
      182, 3, 183, 3, 192, 3, 193, 3, 194, 3, 195, 3,
      196, 3, 197, 3, 198, 3, 199, 3, 208, 3, 209, 3,
      210, 3, 211, 3, 212, 3, 213, 3, 214, 3, 215, 3,
      228, 3, 229, 3, 230, 3, 231, 3, 244, 3, 245, 3,
      246, 3, 247, 3,
      ... 1500 more items
    ],
    '2,1,0': [
       0, 3,  1, 3,  2, 3,  3, 3,  4, 41,  5, 3,
       6, 3,  7, 3, 16, 3, 17, 3, 18,  3, 19, 3,
      20, 3, 21, 3, 22, 3, 23, 3, 32,  3, 33, 3,
      34, 3, 35, 3, 36, 3, 37, 3, 38,  3, 39, 3,
      48, 3, 49, 3, 50, 3, 51, 3, 52,  3, 53, 3,
      54, 3, 55, 3, 64, 3, 65, 3, 66,  3, 67, 3,
      68, 3, 69, 3, 70, 3, 71, 3, 80,  3, 81, 3,
      82, 3, 83, 3, 84, 3, 85, 3, 86,  3, 87, 3,
      96, 3, 97, 3,
      ... 2592 more items
    ],
    '2,1,1': [
        4, 3,   5, 3,   6, 3,   7, 3,  20, 3,  21, 3,
       22, 3,  23, 3,  36, 3,  37, 3,  38, 3,  39, 3,
       52, 3,  53, 3,  54, 3,  55, 3,  68, 3,  69, 3,
       70, 3,  71, 3,  84, 3,  85, 3,  86, 3,  87, 3,
      100, 3, 101, 3, 102, 3, 103, 3, 116, 3, 117, 3,
      118, 3, 119, 3, 132, 3, 133, 3, 134, 3, 135, 3,
      148, 3, 149, 3, 150, 3, 151, 3, 164, 3, 165, 3,
      166, 3, 167, 3, 180, 3, 181, 3, 182, 3, 183, 3,
      196, 3, 197, 3,
      ... 2076 more items
    ],
    '2,1,2': [
        4, 3,   5, 3,   6, 3,   7, 3,  20, 3,  21, 3,
       22, 3,  23, 3,  36, 3,  37, 3,  38, 3,  39, 3,
       52, 3,  53, 3,  54, 3,  55, 3,  68, 3,  69, 3,
       70, 3,  71, 3,  84, 3,  85, 3,  86, 3,  87, 3,
      100, 3, 101, 3, 102, 3, 103, 3, 116, 3, 117, 3,
      118, 3, 119, 3, 132, 3, 133, 3, 134, 3, 135, 3,
      148, 3, 149, 3, 150, 3, 151, 3, 164, 3, 165, 3,
      166, 3, 167, 3, 180, 3, 181, 3, 182, 3, 183, 3,
      196, 3, 197, 3,
      ... 2224 more items
    ],
    '2,2,0': [
       0, 3,  1, 3,  2, 3,  3, 3,  4, 3,  5, 3,
       6, 3,  7, 3, 16, 3, 17, 3, 18, 3, 19, 3,
      20, 3, 21, 3, 22, 3, 23, 3, 32, 3, 33, 3,
      34, 3, 35, 3, 36, 3, 37, 3, 38, 3, 39, 3,
      48, 3, 49, 3, 50, 3, 51, 3, 52, 3, 53, 3,
      54, 3, 55, 3, 64, 3, 65, 3, 66, 3, 67, 3,
      68, 3, 69, 3, 70, 3, 71, 3, 80, 3, 81, 3,
      82, 3, 83, 3, 84, 3, 85, 3, 86, 3, 87, 3,
      96, 3, 97, 3,
      ... 2684 more items
    ],
    '2,2,1': [
        0, 3,   1, 3,   2, 3,   3, 3,   4, 3,   5, 3,
        6, 3,   7, 3,  16, 3,  17, 3,  18, 3,  19, 3,
       20, 3,  21, 3,  22, 3,  23, 3,  36, 3,  37, 3,
       38, 3,  39, 3,  52, 3,  53, 3,  54, 3,  55, 3,
       68, 3,  69, 3,  70, 3,  71, 3,  84, 3,  85, 3,
       86, 3,  87, 3, 100, 3, 101, 3, 102, 3, 103, 3,
      116, 3, 117, 3, 118, 3, 119, 3, 132, 3, 133, 3,
      134, 3, 135, 3, 148, 3, 149, 3, 150, 3, 151, 3,
      164, 3, 165, 3,
      ... 2204 more items
    ],
    '2,2,2': [
        0, 3,   1, 3,   2, 3,   3, 3,   4, 3,   5, 3,
        6, 3,   7, 3,  16, 3,  17, 3,  18, 3,  19, 3,
       20, 3,  21, 3,  22, 3,  23, 3,  36, 3,  37, 3,
       38, 3,  39, 3,  52, 3,  53, 3,  54, 3,  55, 3,
       68, 3,  69, 3,  70, 3,  71, 3,  84, 3,  85, 3,
       86, 3,  87, 3, 100, 3, 101, 3, 102, 3, 103, 3,
      116, 3, 117, 3, 118, 3, 119, 3, 132, 3, 133, 3,
      134, 3, 135, 3, 148, 3, 149, 3, 150, 3, 151, 3,
      164, 3, 165, 3,
      ... 2308 more items
    ],
    '2,3,0': [
       0, 3,  1, 3,  2, 3,  3, 3,  4, 3,  5, 3,
       6, 3,  7, 3, 16, 3, 17, 3, 18, 3, 19, 3,
      20, 3, 21, 3, 22, 3, 23, 3, 32, 3, 33, 3,
      34, 3, 35, 3, 36, 3, 37, 3, 38, 3, 39, 3,
      48, 3, 49, 3, 50, 3, 51, 3, 52, 3, 53, 3,
      54, 3, 55, 3, 64, 3, 65, 3, 66, 3, 67, 3,
      68, 3, 69, 3, 70, 3, 71, 3, 80, 3, 81, 3,
      82, 3, 83, 3, 84, 3, 85, 3, 86, 3, 87, 3,
      96, 3, 97, 3,
      ... 2750 more items
    ],
    '2,3,1': [
        4, 3,   5, 3,   6, 3,   7, 3,  16, 3,  17, 3,
       18, 3,  19, 3,  20, 3,  21, 3,  22, 3,  23, 3,
       32, 3,  33, 3,  34, 3,  35, 3,  36, 3,  37, 3,
       38, 3,  39, 3,  52, 3,  53, 3,  54, 3,  55, 3,
       68, 3,  69, 3,  70, 3,  71, 3,  84, 3,  85, 3,
       86, 3,  87, 3, 100, 3, 101, 3, 102, 3, 103, 3,
      116, 3, 117, 3, 118, 3, 119, 3, 132, 3, 133, 3,
      134, 3, 135, 3, 148, 3, 149, 3, 150, 3, 151, 3,
      164, 3, 165, 3,
      ... 2204 more items
    ],
    '2,3,2': [
        4, 3,   5, 3,   6, 3,   7, 3,  16, 3,  17, 3,
       18, 3,  19, 3,  20, 3,  21, 3,  22, 3,  23, 3,
       32, 3,  33, 3,  34, 3,  35, 3,  36, 3,  37, 3,
       38, 3,  39, 3,  52, 3,  53, 3,  54, 3,  55, 3,
       68, 3,  69, 3,  70, 3,  71, 3,  84, 3,  85, 3,
       86, 3,  87, 3, 100, 3, 101, 3, 102, 3, 103, 3,
      116, 3, 117, 3, 118, 3, 119, 3, 132, 3, 133, 3,
      134, 3, 135, 3, 148, 3, 149, 3, 150, 3, 151, 3,
      164, 3, 165, 3,
      ... 2392 more items
    ],
    '2,4,0': [
       0, 3,  1,  3,  2,  3,  3,  4,  4,  4,  5,  4,
       6, 4,  7,  4,  8,  4,  9,  4, 16,  3, 17,  3,
      18, 3, 19,  4, 20,  4, 21,  4, 22,  4, 23,  4,
      24, 4, 25,  4, 32,  3, 33,  4, 34,  4, 35,  4,
      36, 4, 37,  4, 38,  4, 39,  4, 40,  4, 41,  4,
      48, 3, 49,  4, 50,  4, 51,  4, 52,  4, 53,  4,
      54, 4, 55,  4, 56,  4, 57,  4, 64,  3, 65,  3,
      66, 3, 67, 41, 68, 41, 69, 41, 70, 41, 71, 41,
      80, 3, 81,  3,
      ... 1392 more items
    ],
    '2,4,1': [
        4, 3,   5, 3,   6, 3,   7, 3,  20, 3,  21, 3,
       22, 3,  23, 3,  32, 3,  33, 3,  34, 3,  35, 3,
       36, 3,  37, 3,  38, 3,  39, 3,  48, 3,  49, 3,
       50, 3,  51, 3,  52, 3,  53, 3,  54, 3,  55, 3,
       64, 3,  65, 3,  66, 3,  67, 3,  68, 3,  69, 3,
       70, 3,  71, 3,  80, 3,  81, 3,  82, 3,  83, 3,
       84, 3,  85, 3,  86, 3,  87, 3, 260, 3, 261, 3,
      262, 3, 263, 3, 276, 3, 277, 3, 278, 3, 279, 3,
      288, 3, 289, 3,
      ... 1180 more items
    ],
    '2,4,2': [
        4, 3,   5, 3,   6, 3,   7, 3,  20, 3,  21, 3,
       22, 3,  23, 3,  32, 3,  33, 3,  34, 3,  35, 3,
       36, 3,  37, 3,  38, 3,  39, 3,  48, 3,  49, 3,
       50, 3,  51, 3,  52, 3,  53, 3,  54, 3,  55, 3,
       64, 3,  65, 3,  66, 3,  67, 3,  68, 3,  69, 3,
       70, 3,  71, 3,  80, 3,  81, 3,  82, 3,  83, 3,
       84, 3,  85, 3,  86, 3,  87, 3, 260, 3, 261, 3,
      262, 3, 263, 3, 276, 3, 277, 3, 278, 3, 279, 3,
      288, 3, 289, 3,
      ... 1372 more items
    ],
    '1,0,1': [
      128, 1, 129, 1, 130, 1, 131, 1, 132, 1, 133, 1,
      134, 1, 135, 1, 136, 1, 137, 1, 138, 1, 139, 1,
      140, 1, 141, 1, 142, 1, 143, 1, 144, 1, 145, 1,
      146, 1, 147, 1, 148, 1, 149, 1, 150, 1, 151, 1,
      152, 1, 153, 1, 154, 1, 155, 1, 156, 1, 157, 1,
      158, 1, 159, 1, 160, 1, 161, 1, 162, 1, 163, 1,
      164, 1, 165, 1, 166, 1, 167, 1, 168, 1, 169, 1,
      170, 1, 171, 1, 172, 1, 173, 1, 174, 1, 175, 1,
      176, 3, 177, 3,
      ... 2972 more items
    ],
    '1,4,0': [
       0, 3,  1, 3,  2, 3,  3, 3,  4, 3,  5, 3,
       6, 3,  7, 3,  8, 3,  9, 3, 10, 3, 11, 3,
      12, 3, 13, 3, 14, 3, 15, 3, 16, 3, 17, 3,
      18, 3, 19, 3, 20, 3, 21, 3, 22, 3, 23, 3,
      24, 3, 25, 3, 26, 3, 27, 3, 28, 3, 29, 3,
      30, 3, 31, 3, 32, 3, 33, 3, 34, 3, 35, 3,
      36, 3, 37, 3, 38, 3, 39, 3, 40, 3, 41, 3,
      42, 3, 43, 3, 44, 3, 45, 3, 46, 3, 47, 3,
      48, 3, 49, 3,
      ... 2204 more items
    ],
    '1,4,1': [
      32, 3, 33, 3, 34, 3, 35, 3, 36, 3, 37, 3,
      38, 3, 39, 3, 40, 3, 41, 3, 42, 3, 43, 3,
      44, 3, 45, 3, 46, 3, 47, 3, 48, 3, 49, 3,
      50, 3, 51, 3, 52, 3, 53, 3, 54, 3, 55, 3,
      56, 3, 57, 3, 58, 3, 59, 3, 60, 3, 61, 3,
      62, 3, 63, 3, 64, 3, 65, 3, 66, 3, 67, 3,
      68, 3, 69, 3, 70, 3, 71, 3, 72, 3, 73, 3,
      74, 3, 75, 3, 76, 3, 77, 3, 78, 3, 79, 3,
      80, 3, 81, 3,
      ... 1948 more items
    ],
    '1,4,2': [
      32, 3, 33, 3, 34, 3, 35, 3, 36, 3, 37, 3,
      38, 3, 39, 3, 40, 3, 41, 3, 42, 3, 43, 3,
      44, 3, 45, 3, 46, 3, 47, 3, 48, 3, 49, 3,
      50, 3, 51, 3, 52, 3, 53, 3, 54, 3, 55, 3,
      56, 3, 57, 3, 58, 3, 59, 3, 60, 3, 61, 3,
      62, 3, 63, 3, 64, 3, 65, 3, 66, 3, 67, 3,
      68, 3, 69, 3, 70, 3, 71, 3, 72, 3, 73, 3,
      74, 3, 75, 3, 76, 3, 77, 3, 78, 3, 79, 3,
      80, 3, 81, 3,
      ... 1884 more items
    ],
    '1,1,2': [
       240, 3,  241, 3, 242, 3, 243, 3, 244, 3, 245, 3,
       246, 3,  247, 3, 248, 3, 249, 3, 250, 3, 251, 3,
       252, 3,  253, 3, 254, 3, 255, 3, 496, 3, 497, 3,
       498, 3,  499, 3, 500, 3, 501, 3, 502, 3, 503, 3,
       504, 3,  505, 3, 506, 3, 507, 3, 508, 3, 509, 3,
       510, 3,  511, 3, 752, 3, 753, 3, 754, 3, 755, 3,
       756, 3,  757, 3, 758, 3, 759, 3, 760, 3, 761, 3,
       762, 3,  763, 3, 764, 3, 765, 3, 766, 3, 767, 3,
      1008, 3, 1009, 3,
      ... 1788 more items
    ],
    '1,2,2': [
        0, 3,   1, 3,   2, 3,   3, 3,   4, 3,   5, 3,
        6, 3,   7, 3,   8, 3,   9, 3,  10, 3,  11, 3,
       12, 3,  13, 3,  14, 3,  15, 3,  16, 3,  17, 3,
       18, 3,  19, 3,  20, 3,  21, 3,  22, 3,  23, 3,
       24, 3,  25, 3,  26, 3,  27, 3,  28, 3,  29, 3,
       30, 3,  31, 3, 256, 3, 257, 3, 258, 3, 259, 3,
      260, 3, 261, 3, 262, 3, 263, 3, 264, 3, 265, 3,
      266, 3, 267, 3, 268, 3, 269, 3, 270, 3, 271, 3,
      272, 3, 273, 3,
      ... 2140 more items
    ],
    '1,3,2': [
       16, 3,  17, 3,  18, 3,  19, 3,  20, 3,  21, 3,
       22, 3,  23, 3,  24, 3,  25, 3,  26, 3,  27, 3,
       28, 3,  29, 3,  30, 3,  31, 3,  32, 3,  33, 3,
       34, 3,  35, 3,  36, 3,  37, 3,  38, 3,  39, 3,
       40, 3,  41, 3,  42, 3,  43, 3,  44, 3,  45, 3,
       46, 3,  47, 3, 272, 3, 273, 3, 274, 3, 275, 3,
      276, 3, 277, 3, 278, 3, 279, 3, 280, 3, 281, 3,
      282, 3, 283, 3, 284, 3, 285, 3, 286, 3, 287, 3,
      288, 3, 289, 3,
      ... 2140 more items
    ],
    '1,1,0': [
       0, 3,  1, 3,  2, 3,  3, 3,  4, 3,  5, 3,
       6, 3,  7, 3,  8, 3,  9, 3, 10, 3, 11, 3,
      12, 3, 13, 3, 14, 3, 15, 3, 16, 3, 17, 3,
      18, 3, 19, 3, 20, 3, 21, 3, 22, 3, 23, 3,
      24, 3, 25, 3, 26, 3, 27, 3, 28, 3, 29, 3,
      30, 3, 31, 3, 32, 3, 33, 3, 34, 3, 35, 3,
      36, 3, 37, 3, 38, 3, 39, 3, 40, 3, 41, 3,
      42, 3, 43, 3, 44, 3, 45, 3, 46, 3, 47, 3,
      48, 3, 49, 3,
      ... 2204 more items
    ],
    '1,1,1': [
       240, 3,  241, 3, 242, 3, 243, 3, 244, 3, 245, 3,
       246, 3,  247, 3, 248, 3, 249, 3, 250, 3, 251, 3,
       252, 3,  253, 3, 254, 3, 255, 3, 496, 3, 497, 3,
       498, 3,  499, 3, 500, 3, 501, 3, 502, 3, 503, 3,
       504, 3,  505, 3, 506, 3, 507, 3, 508, 3, 509, 3,
       510, 3,  511, 3, 752, 3, 753, 3, 754, 3, 755, 3,
       756, 3,  757, 3, 758, 3, 759, 3, 760, 3, 761, 3,
       762, 3,  763, 3, 764, 3, 765, 3, 766, 3, 767, 3,
      1008, 3, 1009, 3,
      ... 412 more items
    ],
    '1,2,0': [
       0, 3,  1, 3,  2, 3,  3, 3,  4, 3,  5, 3,
       6, 3,  7, 3,  8, 3,  9, 3, 10, 3, 11, 3,
      12, 3, 13, 3, 14, 3, 15, 3, 16, 3, 17, 3,
      18, 3, 19, 3, 20, 3, 21, 3, 22, 3, 23, 3,
      24, 3, 25, 3, 26, 3, 27, 3, 28, 3, 29, 3,
      30, 3, 31, 3, 32, 3, 33, 3, 34, 3, 35, 3,
      36, 3, 37, 3, 38, 3, 39, 3, 40, 3, 41, 3,
      42, 3, 43, 3, 44, 3, 45, 3, 46, 3, 47, 3,
      48, 3, 49, 3,
      ... 2588 more items
    ],
    '1,2,1': [
        0, 3,   1, 3,   2, 3,   3, 3,   4, 3,   5, 3,
        6, 3,   7, 3,   8, 3,   9, 3,  10, 3,  11, 3,
       12, 3,  13, 3,  14, 3,  15, 3,  16, 3,  17, 3,
       18, 3,  19, 3,  20, 3,  21, 3,  22, 3,  23, 3,
       24, 3,  25, 3,  26, 3,  27, 3,  28, 3,  29, 3,
       30, 3,  31, 3, 256, 3, 257, 3, 258, 3, 259, 3,
      260, 3, 261, 3, 262, 3, 263, 3, 264, 3, 265, 3,
      266, 3, 267, 3, 268, 3, 269, 3, 270, 3, 271, 3,
      272, 3, 273, 3,
      ... 924 more items
    ],
    '1,3,0': [
       0, 3,  1, 3,  2, 3,  3, 3,  4, 3,  5, 3,
       6, 3,  7, 3,  8, 3,  9, 3, 10, 3, 11, 3,
      12, 3, 13, 3, 14, 3, 15, 3, 16, 3, 17, 3,
      18, 3, 19, 3, 20, 3, 21, 3, 22, 3, 23, 3,
      24, 3, 25, 3, 26, 3, 27, 3, 28, 3, 29, 3,
      30, 3, 31, 3, 32, 3, 33, 3, 34, 3, 35, 3,
      36, 3, 37, 3, 38, 3, 39, 3, 40, 3, 41, 3,
      42, 3, 43, 3, 44, 3, 45, 3, 46, 3, 47, 3,
      48, 3, 49, 3,
      ... 2716 more items
    ],
    '1,3,1': [
       16, 3,  17, 3,  18, 3,  19, 3,  20, 3,  21, 3,
       22, 3,  23, 3,  24, 3,  25, 3,  26, 3,  27, 3,
       28, 3,  29, 3,  30, 3,  31, 3,  32, 3,  33, 3,
       34, 3,  35, 3,  36, 3,  37, 3,  38, 3,  39, 3,
       40, 3,  41, 3,  42, 3,  43, 3,  44, 3,  45, 3,
       46, 3,  47, 3, 272, 3, 273, 3, 274, 3, 275, 3,
      276, 3, 277, 3, 278, 3, 279, 3, 280, 3, 281, 3,
      282, 3, 283, 3, 284, 3, 285, 3, 286, 3, 287, 3,
      288, 3, 289, 3,
      ... 924 more items
    ],
    '-1,3,-1': [ 4095, 4 ],
    '0,3,-1': [
      3682, 41, 3695,  4, 3711,  4, 3727,  4,
      3743,  4, 3759,  4, 3775,  4, 3863, 42,
      3864, 42, 3865, 42, 3866, 42, 3867, 42,
      3868, 42, 3869, 42, 3870, 42, 3871, 42,
      3938, 41, 4080,  4, 4081,  4, 4082,  4,
      4083,  4, 4084,  4, 4085,  4, 4086,  4
    ],
    '-1,3,0': [
       255,    4,  511,    4, 767,
         4, 1023,    4, 1279,   4,
      1535,    4, 1791,    4
    ],
    '-1,4,-1': [
      3855,    4, 3871,
         4, 3887,    4,
      3903,    4
    ],
    '0,4,-1': [
      3840,    4, 3841,    4, 3842,    4, 3843,    4, 3844,
         4, 3845,    4, 3846,    4, 3856,    4, 3857,    4,
      3858,    4, 3859,    4, 3860,    4, 3861,    4, 3862,
         4, 3872,    4, 3873,    4, 3874,    4, 3875,    4,
      3876,    4, 3877,    4, 3878,    4, 3888,    4, 3889,
         4, 3890,    4, 3891,    4, 3892,    4, 3893,    4,
      3894,    4
    ],
    '-1,4,0': [
        15,    4,   31,    4,   47,    4,   63,    4,  271,
         4,  287,    4,  303,    4,  319,    4,  527,    4,
       543,    4,  559,    4,  575,    4,  783,    4,  799,
         4,  815,    4,  831,    4, 1039,    4, 1055,    4,
      1071,    4, 1087,    4, 1295,    4, 1311,    4, 1327,
         4, 1343,    4, 1551,    4, 1567,    4, 1583,    4,
      1599,    4
    ],
    '0,1,-1': [
      3586,   41, 3599,    4, 3615,    4, 3631,
         4, 3647,    4, 3663,    4, 3679,    4,
      3842,   41, 4071,   42, 4072,   42, 4073,
        42, 4074,   42, 4075,   42, 4076,   42,
      4077,   42, 4078,   42, 4079,   42
    ],
    '-1,3,2': [
      2047,    4, 2303,    4, 2559,
         4, 2815,    4, 3071,    4,
      3327,    4, 3583,    4, 3839,
         4, 4095,    4
    ],
    '-1,4,2': [
      1807, 4, 1823, 4, 1839, 4, 1855, 4, 2063, 4,
      2079, 4, 2095, 4, 2111, 4, 2319, 4, 2335, 4,
      2351, 4, 2367, 4, 2575, 4, 2591, 4, 2607, 4,
      2623, 4, 2831, 4, 2847, 4, 2863, 4, 2879, 4,
      3087, 4, 3103, 4, 3119, 4, 3135, 4, 3343, 4,
      3359, 4, 3375, 4, 3391, 4, 3599, 4, 3615, 4,
      3631, 4, 3647, 4, 3855, 4, 3871, 4, 3887, 4,
      3903, 4
    ],
    '2,3,-1': [
      3684, 41, 3856, 42, 3857, 42,
      3940, 41, 4081,  4, 4082,  4,
      4083,  4, 4084,  4, 4085,  4,
      4086,  4, 4087,  4, 4088,  4,
      4089,  4
    ],
    '2,4,-1': [
      3841, 4, 3842, 4, 3843, 4, 3844, 4, 3845, 4,
      3846, 4, 3847, 4, 3848, 4, 3849, 4, 3857, 4,
      3858, 4, 3859, 4, 3860, 4, 3861, 4, 3862, 4,
      3863, 4, 3864, 4, 3865, 4, 3873, 4, 3874, 4,
      3875, 4, 3876, 4, 3877, 4, 3878, 4, 3879, 4,
      3880, 4, 3881, 4, 3889, 4, 3890, 4, 3891, 4,
      3892, 4, 3893, 4, 3894, 4, 3895, 4, 3896, 4,
      3897, 4
    ],
    '2,1,-1': [
      3588,   41, 3844,
        41, 4064,   42,
      4065,   42
    ],
    '0,0,-1': [
      4023,   42, 4024,   42, 4025,
        42, 4026,   42, 4027,   42,
      4028,   42, 4029,   42, 4030,
        42, 4031,   42
    ],
    '1,0,-1': [
      4016, 42, 4017, 42, 4018, 42,
      4019, 42, 4020, 42, 4021, 42,
      4022, 42, 4023, 42, 4024, 42,
      4025, 42, 4026, 42, 4027, 42,
      4028, 42, 4029, 42, 4030, 42,
      4031, 42
    ],
    '2,0,-1': [ 4016, 42, 4017, 42 ],
    '1,1,-1': [
      3344, 41, 3345, 41, 3346, 41, 3347, 41, 3348, 41, 3349, 41,
      3350, 41, 3351, 41, 3360, 41, 3361,  4, 3362,  4, 3363,  4,
      3364,  4, 3365,  4, 3366,  4, 3367, 41, 3376, 41, 3377,  4,
      3378,  4, 3379,  4, 3380,  4, 3381,  4, 3382,  4, 3383, 41,
      3392, 41, 3393, 41, 3394, 41, 3395, 41, 3396, 41, 3397, 41,
      3398, 41, 3399, 41, 3584,  4, 3585,  4, 3586,  4, 3587,  4,
      3588,  4, 3589,  4, 3590,  4, 3591,  4, 3592,  4, 3600,  4,
      3601,  4, 3602,  4, 3603,  4, 3604,  4, 3605,  4, 3606,  4,
      3607,  4, 3608,  4,
      ... 104 more items
    ],
    '0,2,-1': [
      3647, 4, 3663, 4,
      3679, 4, 3695, 4,
      3711, 4, 3727, 4
    ],
    '1,2,-1': [
      3392, 41, 3393, 41, 3394, 41, 3395, 41, 3396, 41, 3397, 41,
      3398, 41, 3399, 41, 3408, 41, 3409,  4, 3410,  4, 3411,  4,
      3412,  4, 3413,  4, 3414,  4, 3415, 41, 3424, 41, 3425,  4,
      3426,  4, 3427,  4, 3428,  4, 3429,  4, 3430,  4, 3431, 41,
      3440, 41, 3441, 41, 3442, 41, 3443, 41, 3444, 41, 3445, 41,
      3446, 41, 3447, 41, 3632,  4, 3633,  4, 3634,  4, 3635,  4,
      3636,  4, 3637,  4, 3638,  4, 3639,  4, 3640,  4, 3648,  4,
      3649,  4, 3650,  4, 3651,  4, 3652,  4, 3653,  4, 3654,  4,
      3655,  4, 3656,  4,
      ... 72 more items
    ],
    '1,3,-1': [
      3440, 41, 3441, 41, 3442, 41, 3443, 41, 3444, 41, 3445, 41,
      3446, 41, 3447, 41, 3456, 41, 3457,  4, 3458,  4, 3459,  4,
      3460,  4, 3461,  4, 3462,  4, 3463, 41, 3472, 41, 3473,  4,
      3474,  4, 3475,  4, 3476,  4, 3477,  4, 3478,  4, 3479, 41,
      3488, 41, 3489, 41, 3490, 41, 3491, 41, 3492, 41, 3493, 41,
      3494, 41, 3495, 41, 3680,  4, 3681,  4, 3682,  4, 3683,  4,
      3684,  4, 3685,  4, 3686,  4, 3687,  4, 3688,  4, 3696,  4,
      3697,  4, 3698,  4, 3699,  4, 3700,  4, 3701,  4, 3702,  4,
      3703,  4, 3704,  4,
      ... 104 more items
    ]
  },
  operator: 'deepStrictEqual',
  diff: 'simple'
}

Node.js v24.19.0
